-4.137891339293722770e-01,6.019154377345511397e-01,1.700000000000000000e+01,0.000000000000000000e+00
-4.306823178197207724e-01,5.973082028715411829e-01,1.700000000000000000e+01,0.000000000000000000e+00
-4.475755017100693234e-01,5.927009680085311150e-01,1.700000000000000000e+01,0.000000000000000000e+00
-4.644686856004178188e-01,5.880937331455211581e-01,1.700000000000000000e+01,0.000000000000000000e+00
-4.813618694907663143e-01,5.834864982825110902e-01,1.700000000000000000e+01,0.000000000000000000e+00
-4.982550533811148652e-01,5.788792634195011333e-01,1.700000000000000000e+01,0.000000000000000000e+00
-5.151482372714633051e-01,5.742720285564911764e-01,1.700000000000000000e+01,0.000000000000000000e+00
-5.320414211618118561e-01,5.696647936934811085e-01,1.700000000000000000e+01,0.000000000000000000e+00
-5.489346050521604070e-01,5.650575588304711516e-01,1.700000000000000000e+01,0.000000000000000000e+00
-5.658277889425088469e-01,5.604503239674610837e-01,1.700000000000000000e+01,0.000000000000000000e+00
-5.827209728328573979e-01,5.558430891044511268e-01,1.700000000000000000e+01,0.000000000000000000e+00
-5.996141567232058378e-01,5.512358542414410589e-01,1.700000000000000000e+01,0.000000000000000000e+00
-6.165073406135543888e-01,5.466286193784311020e-01,1.700000000000000000e+01,0.000000000000000000e+00
-6.324614055994440820e-01,5.402196848504983162e-01,1.700000000000000000e+01,0.000000000000000000e+00
-6.459130945761349940e-01,5.290099418244322838e-01,1.700000000000000000e+01,0.000000000000000000e+00
-6.593647835528259060e-01,5.178001987983661403e-01,1.700000000000000000e+01,0.000000000000000000e+00
-6.728164725295167070e-01,5.065904557722999968e-01,1.700000000000000000e+01,0.000000000000000000e+00
-6.862681615062076190e-01,4.953807127462339643e-01,1.700000000000000000e+01,0.000000000000000000e+00
-6.928092156679583891e-01,4.793457173214260014e-01,1.700000000000000000e+01,0.000000000000000000e+00
-6.986985248431600848e-01,4.628556502362091707e-01,1.700000000000000000e+01,0.000000000000000000e+00
-7.045878340183617805e-01,4.463655831509923400e-01,1.700000000000000000e+01,0.000000000000000000e+00
-7.104771431935633652e-01,4.298755160657755092e-01,1.700000000000000000e+01,0.000000000000000000e+00
-7.163664523687650609e-01,4.133854489805587340e-01,1.700000000000000000e+01,0.000000000000000000e+00
-7.222557615439666456e-01,3.968953818953419588e-01,1.700000000000000000e+01,0.000000000000000000e+00
-7.281450707191683414e-01,3.804053148101251280e-01,1.700000000000000000e+01,0.000000000000000000e+00
-7.340343798943700371e-01,3.639152477249082418e-01,1.700000000000000000e+01,0.000000000000000000e+00
-7.390740583254673535e-01,3.471606701254020821e-01,1.700000000000000000e+01,0.000000000000000000e+00
-7.435857788480135788e-01,3.302417265129155011e-01,1.700000000000000000e+01,0.000000000000000000e+00
-7.480974993705598042e-01,3.133227829004289200e-01,1.700000000000000000e+01,0.000000000000000000e+00
-7.526092198931061406e-01,2.964038392879423944e-01,1.700000000000000000e+01,0.000000000000000000e+00
-7.571209404156523659e-01,2.794848956754558134e-01,1.700000000000000000e+01,0.000000000000000000e+00
-7.616326609381987023e-01,2.625659520629692323e-01,1.700000000000000000e+01,0.000000000000000000e+00
-7.661443814607449276e-01,2.456470084504826512e-01,1.700000000000000000e+01,0.000000000000000000e+00
-7.706561019832911530e-01,2.287280648379960979e-01,1.700000000000000000e+01,0.000000000000000000e+00
-7.751678225058373783e-01,2.118091212255096278e-01,1.700000000000000000e+01,0.000000000000000000e+00
-7.753826430497605671e-01,1.943270957843147018e-01,1.700000000000000000e+01,0.000000000000000000e+00
-7.753826430497605671e-01,1.768169194563599944e-01,1.700000000000000000e+01,0.000000000000000000e+00
-7.753826430497605671e-01,1.593067431284052871e-01,1.700000000000000000e+01,0.000000000000000000e+00
-7.753826430497605671e-01,1.417965668004504687e-01,1.700000000000000000e+01,0.000000000000000000e+00
-7.753826430497605671e-01,1.242863904724957613e-01,1.700000000000000000e+01,0.000000000000000000e+00
-7.753826430497605671e-01,1.067762141445410540e-01,1.700000000000000000e+01,0.000000000000000000e+00
-7.753826430497605671e-01,8.926603781658634662e-02,1.700000000000000000e+01,0.000000000000000000e+00
-7.753826430497605671e-01,7.175586148863163927e-02,1.700000000000000000e+01,0.000000000000000000e+00
-7.753826430497605671e-01,5.424568516067693191e-02,1.700000000000000000e+01,0.000000000000000000e+00
-7.753826430497605671e-01,3.673550883272233558e-02,1.700000000000000000e+01,0.000000000000000000e+00
-7.673373197374754318e-01,2.141614085583373045e-02,1.700000000000000000e+01,0.000000000000000000e+00
-7.584593075749819224e-01,6.323520967998357695e-03,1.700000000000000000e+01,0.000000000000000000e+00
-7.495812954124885241e-01,-8.769098919837015060e-03,1.700000000000000000e+01,0.000000000000000000e+00
-7.407032832499951258e-01,-2.386171880767238435e-02,1.700000000000000000e+01,0.000000000000000000e+00
-7.318252710875015055e-01,-3.895433869550785078e-02,1.700000000000000000e+01,0.000000000000000000e+00
-7.229472589250081072e-01,-5.404695858334322700e-02,1.700000000000000000e+01,0.000000000000000000e+00
-7.140692467625147088e-01,-6.913957847117858935e-02,1.700000000000000000e+01,0.000000000000000000e+00
-7.051912346000211995e-01,-8.423219835901396557e-02,1.700000000000000000e+01,0.000000000000000000e+00
-6.963132224375278012e-01,-9.932481824684923077e-02,1.700000000000000000e+01,0.000000000000000000e+00
-6.874352102750342919e-01,-1.144174381346847041e-01,1.700000000000000000e+01,0.000000000000000000e+00
-6.785571981125408936e-01,-1.295100580225199693e-01,1.700000000000000000e+01,0.000000000000000000e+00
-6.637525807751506468e-01,-1.384042759613137996e-01,1.700000000000000000e+01,0.000000000000000000e+00
-6.482772979826487703e-01,-1.465970714261206342e-01,1.700000000000000000e+01,0.000000000000000000e+00
-6.328020151901467827e-01,-1.547898668909275799e-01,1.700000000000000000e+01,0.000000000000000000e+00
-6.173267323976450172e-01,-1.629826623557344145e-01,1.700000000000000000e+01,0.000000000000000000e+00
-6.018514496051430296e-01,-1.711754578205413602e-01,1.700000000000000000e+01,0.000000000000000000e+00
-5.863761668126412641e-01,-1.793682532853482225e-01,1.700000000000000000e+01,0.000000000000000000e+00
-5.709008840201392765e-01,-1.875610487501551404e-01,1.700000000000000000e+01,0.000000000000000000e+00
-5.554256012276375110e-01,-1.957538442149620028e-01,1.700000000000000000e+01,0.000000000000000000e+00
-5.399503184351355234e-01,-2.039466396797689485e-01,1.700000000000000000e+01,0.000000000000000000e+00
-5.244750356426335358e-01,-2.121394351445758664e-01,1.700000000000000000e+01,0.000000000000000000e+00
-5.086875126713835682e-01,-2.193260082291246804e-01,1.700000000000000000e+01,0.000000000000000000e+00
-4.912927468650471474e-01,-2.213330950679961440e-01,1.700000000000000000e+01,0.000000000000000000e+00
-4.738979810587107266e-01,-2.233401819068676353e-01,1.700000000000000000e+01,0.000000000000000000e+00
-4.565032152523740838e-01,-2.253472687457391266e-01,1.700000000000000000e+01,0.000000000000000000e+00
-4.391084494460376630e-01,-2.273543555846105901e-01,1.700000000000000000e+01,0.000000000000000000e+00
-4.217136836397010757e-01,-2.293614424234821092e-01,1.700000000000000000e+01,0.000000000000000000e+00
-4.043189178333646550e-01,-2.313685292623535728e-01,1.700000000000000000e+01,0.000000000000000000e+00
-3.869241520270280121e-01,-2.333756161012250918e-01,1.700000000000000000e+01,0.000000000000000000e+00
-3.695293862206915914e-01,-2.353827029400965554e-01,1.700000000000000000e+01,0.000000000000000000e+00
-3.521346204143549485e-01,-2.373897897789680467e-01,1.700000000000000000e+01,0.000000000000000000e+00
-3.347398546080183612e-01,-2.393968766178395380e-01,1.700000000000000000e+01,0.000000000000000000e+00
-3.173450888016819404e-01,-2.414039634567110293e-01,1.700000000000000000e+01,0.000000000000000000e+00
-2.999503229953452976e-01,-2.434110502955825206e-01,1.700000000000000000e+01,0.000000000000000000e+00
-2.825555571890088769e-01,-2.454181371344540119e-01,1.700000000000000000e+01,0.000000000000000000e+00
-2.651607913826722340e-01,-2.474252239733255032e-01,1.700000000000000000e+01,0.000000000000000000e+00
-2.480445252238513421e-01,-2.457597493100812935e-01,1.700000000000000000e+01,0.000000000000000000e+00
-2.311513397598840280e-01,-2.411525202170067550e-01,1.700000000000000000e+01,0.000000000000000000e+00
-2.142581542959169361e-01,-2.365452911239322720e-01,1.700000000000000000e+01,0.000000000000000000e+00
-1.973649688319495943e-01,-2.319380620308577334e-01,1.700000000000000000e+01,0.000000000000000000e+00
-1.804717833679824746e-01,-2.273308329377832504e-01,1.700000000000000000e+01,0.000000000000000000e+00
-1.635785979040151883e-01,-2.227236038447086841e-01,1.700000000000000000e+01,0.000000000000000000e+00
-1.467251465735067706e-01,-2.200172091995293844e-01,1.700000000000000000e+01,0.000000000000000000e+00
-1.300392483554768941e-01,-2.253263593851624891e-01,1.700000000000000000e+01,0.000000000000000000e+00
-1.133533501374467678e-01,-2.306355095707956770e-01,1.700000000000000000e+01,0.000000000000000000e+00
-9.666745191941687743e-02,-2.359446597564288095e-01,1.700000000000000000e+01,0.000000000000000000e+00
-7.998155370138676501e-02,-2.412538099420619975e-01,1.700000000000000000e+01,0.000000000000000000e+00
-6.329565548335687464e-02,-2.465629601276951022e-01,1.700000000000000000e+01,0.000000000000000000e+00
-4.660975726532676222e-02,-2.518721103133282901e-01,1.700000000000000000e+01,0.000000000000000000e+00
-2.992385904729685797e-02,-2.571812604989613948e-01,1.700000000000000000e+01,0.000000000000000000e+00
-1.323796082926675943e-02,-2.624904106845946106e-01,1.700000000000000000e+01,0.000000000000000000e+00
3.447937388763144817e-03,-2.677995608702277153e-01,1.700000000000000000e+01,0.000000000000000000e+00
2.013383560679324336e-02,-2.731087110558608755e-01,1.700000000000000000e+01,0.000000000000000000e+00
3.681973382482336965e-02,-2.784178612414940912e-01,1.700000000000000000e+01,0.000000000000000000e+00
5.350563204285327390e-02,-2.837270114271271959e-01,1.700000000000000000e+01,0.000000000000000000e+00
7.044414160283236914e-02,-2.874090996577556845e-01,1.700000000000000000e+01,0.000000000000000000e+00
8.795431793078696547e-02,-2.874090996577556845e-01,1.700000000000000000e+01,0.000000000000000000e+00
1.054644942587417838e-01,-2.874090996577556845e-01,1.700000000000000000e+01,0.000000000000000000e+00
1.229746705866963802e-01,-2.874090996577556845e-01,1.700000000000000000e+01,0.000000000000000000e+00
1.404848469146511847e-01,-2.874090996577556845e-01,1.700000000000000000e+01,0.000000000000000000e+00
1.579950232426057810e-01,-2.874090996577556845e-01,1.700000000000000000e+01,0.000000000000000000e+00
1.755051995705603773e-01,-2.874090996577556845e-01,1.700000000000000000e+01,0.000000000000000000e+00
1.930153758985151957e-01,-2.874090996577556845e-01,1.700000000000000000e+01,0.000000000000000000e+00
2.105255522264700141e-01,-2.874090996577556845e-01,1.700000000000000000e+01,0.000000000000000000e+00
2.280357285544243884e-01,-2.874090996577556845e-01,1.700000000000000000e+01,0.000000000000000000e+00
2.455459048823792068e-01,-2.874090996577556845e-01,1.700000000000000000e+01,0.000000000000000000e+00
2.630560812103340251e-01,-2.874090996577556845e-01,1.700000000000000000e+01,0.000000000000000000e+00
2.805662575382888435e-01,-2.874090996577556845e-01,1.700000000000000000e+01,0.000000000000000000e+00
2.980764338662432178e-01,-2.874090996577556845e-01,1.700000000000000000e+01,0.000000000000000000e+00
3.146685607944970653e-01,-2.841655906660820463e-01,1.700000000000000000e+01,0.000000000000000000e+00
3.295812506561235367e-01,-2.749885564977353480e-01,1.700000000000000000e+01,0.000000000000000000e+00
3.444939405177504521e-01,-2.658115223293883722e-01,1.700000000000000000e+01,0.000000000000000000e+00
3.594066303793765904e-01,-2.566344881610418960e-01,1.700000000000000000e+01,0.000000000000000000e+00
3.743193202410035059e-01,-2.474574539926949757e-01,1.700000000000000000e+01,0.000000000000000000e+00
3.892320101026300327e-01,-2.382804198243482774e-01,1.700000000000000000e+01,0.000000000000000000e+00
4.041446999642569482e-01,-2.291033856560013571e-01,1.700000000000000000e+01,0.000000000000000000e+00
4.190573898258834751e-01,-2.199263514876546310e-01,1.700000000000000000e+01,0.000000000000000000e+00
4.339700796875100020e-01,-2.107493173193079328e-01,1.700000000000000000e+01,0.000000000000000000e+00
4.418684272115202538e-01,-1.956662922051810583e-01,1.700000000000000000e+01,0.000000000000000000e+00
4.483715486960958563e-01,-1.794085037334076649e-01,1.700000000000000000e+01,0.000000000000000000e+00
4.548746701806713477e-01,-1.631507152616346878e-01,1.700000000000000000e+01,0.000000000000000000e+00
4.613777916652468392e-01,-1.468929267898617108e-01,1.700000000000000000e+01,0.000000000000000000e+00
4.678809131498223306e-01,-1.306351383180887338e-01,1.700000000000000000e+01,0.000000000000000000e+00
4.743840346343979331e-01,-1.143773498463153404e-01,1.700000000000000000e+01,0.000000000000000000e+00
4.808871561189734245e-01,-9.811956137454236337e-02,1.700000000000000000e+01,0.000000000000000000e+00
4.873902776035490825e-01,-8.186177290276897001e-02,1.700000000000000000e+01,0.000000000000000000e+00
4.938933990881244074e-01,-6.560398443099640930e-02,1.700000000000000000e+01,0.000000000000000000e+00
4.950810603174202185e-01,-4.832253095626763695e-02,1.700000000000000000e+01,0.000000000000000000e+00
4.950810603174202185e-01,-3.081235462831304062e-02,1.700000000000000000e+01,0.000000000000000000e+00
4.950810603174202185e-01,-1.330217830035844429e-02,1.700000000000000000e+01,0.000000000000000000e+00
4.950810603174202185e-01,4.207998027596152046e-03,1.700000000000000000e+01,0.000000000000000000e+00
4.950810603174202185e-01,2.171817435555074838e-02,1.700000000000000000e+01,0.000000000000000000e+00
4.950810603174202185e-01,3.922835068350578880e-02,1.700000000000000000e+01,0.000000000000000000e+00
4.950810603174202185e-01,5.673852701146038513e-02,1.700000000000000000e+01,0.000000000000000000e+00
4.950810603174202185e-01,7.424870333941542555e-02,1.700000000000000000e+01,0.000000000000000000e+00
4.950810603174202185e-01,9.175887966736957779e-02,1.700000000000000000e+01,0.000000000000000000e+00
4.950810603174202185e-01,1.092690559953246182e-01,1.700000000000000000e+01,0.000000000000000000e+00
4.950810603174202185e-01,1.267792323232792007e-01,1.700000000000000000e+01,0.000000000000000000e+00
4.950810603174202185e-01,1.442894086512342411e-01,1.700000000000000000e+01,0.000000000000000000e+00
4.950810603174202185e-01,1.617995849791883933e-01,1.700000000000000000e+01,0.000000000000000000e+00
4.950810603174202185e-01,1.793097613071434338e-01,1.700000000000000000e+01,0.000000000000000000e+00
4.950810603174202185e-01,1.968199376350980301e-01,1.700000000000000000e+01,0.000000000000000000e+00
4.907776355548424951e-01,2.136030545857500740e-01,1.700000000000000000e+01,0.000000000000000000e+00
4.850251782650732424e-01,2.301413589173744723e-01,1.700000000000000000e+01,0.000000000000000000e+00
4.792727209753037676e-01,2.466796632489997310e-01,1.700000000000000000e+01,0.000000000000000000e+00
4.735202636855344038e-01,2.632179675806245456e-01,1.700000000000000000e+01,0.000000000000000000e+00
4.677678063957648735e-01,2.797562719122498320e-01,1.700000000000000000e+01,0.000000000000000000e+00
4.620153491059955098e-01,2.962945762438746744e-01,1.700000000000000000e+01,0.000000000000000000e+00
4.562628918162261460e-01,3.128328805754995168e-01,1.700000000000000000e+01,0.000000000000000000e+00
4.505104345264567822e-01,3.293711849071243591e-01,1.700000000000000000e+01,0.000000000000000000e+00
4.447579772366874185e-01,3.459094892387491460e-01,1.700000000000000000e+01,0.000000000000000000e+00
4.390055199469178882e-01,3.624477935703743769e-01,1.700000000000000000e+01,0.000000000000000000e+00
4.332530626571486354e-01,3.789860979019988307e-01,1.700000000000000000e+01,0.000000000000000000e+00
4.275006053673791606e-01,3.955244022336240617e-01,1.700000000000000000e+01,0.000000000000000000e+00
4.217481480776097968e-01,4.120627065652489041e-01,1.700000000000000000e+01,0.000000000000000000e+00
4.146998225374406988e-01,4.276541558407871424e-01,1.700000000000000000e+01,0.000000000000000000e+00
4.006916797335056124e-01,4.381602593154642622e-01,1.700000000000000000e+01,0.000000000000000000e+00
3.866835369295704705e-01,4.486663627901413820e-01,1.700000000000000000e+01,0.000000000000000000e+00
3.726753941256353841e-01,4.591724662648184463e-01,1.700000000000000000e+01,0.000000000000000000e+00
3.586672513216999092e-01,4.696785697394958436e-01,1.700000000000000000e+01,0.000000000000000000e+00
3.446591085177647673e-01,4.801846732141729079e-01,1.700000000000000000e+01,0.000000000000000000e+00
3.306509657138296809e-01,4.906907766888500277e-01,1.700000000000000000e+01,0.000000000000000000e+00
3.166428229098945391e-01,5.011968801635271475e-01,1.700000000000000000e+01,0.000000000000000000e+00
3.026346801059590641e-01,5.117029836382045449e-01,1.700000000000000000e+01,0.000000000000000000e+00
2.886265373020239222e-01,5.222090871128816092e-01,1.700000000000000000e+01,0.000000000000000000e+00
2.746183944980887803e-01,5.327151905875586735e-01,1.700000000000000000e+01,0.000000000000000000e+00
2.606102516941536940e-01,5.432212940622358488e-01,1.700000000000000000e+01,0.000000000000000000e+00
2.466021088902182190e-01,5.537273975369131351e-01,1.700000000000000000e+01,0.000000000000000000e+00
2.325939660862831049e-01,5.642335010115903104e-01,1.700000000000000000e+01,0.000000000000000000e+00
2.180548663619440997e-01,5.737262369466619161e-01,1.700000000000000000e+01,0.000000000000000000e+00
2.014432555581236739e-01,5.792634439626997978e-01,1.700000000000000000e+01,0.000000000000000000e+00
1.848316447543032481e-01,5.848006509787375684e-01,1.700000000000000000e+01,0.000000000000000000e+00
1.682200339504824060e-01,5.903378579947755611e-01,1.700000000000000000e+01,0.000000000000000000e+00
1.516084231466620080e-01,5.958750650108133318e-01,1.700000000000000000e+01,0.000000000000000000e+00
1.349968123428416100e-01,6.014122720268511024e-01,1.700000000000000000e+01,0.000000000000000000e+00
1.183852015390211704e-01,6.069494790428889841e-01,1.700000000000000000e+01,0.000000000000000000e+00
1.017735907352003422e-01,6.124866860589268658e-01,1.700000000000000000e+01,0.000000000000000000e+00
8.516197993137991640e-02,6.180238930749647475e-01,1.700000000000000000e+01,0.000000000000000000e+00
6.855036912755907430e-02,6.235611000910026291e-01,1.700000000000000000e+01,0.000000000000000000e+00
5.193875832373909263e-02,6.290983071070402888e-01,1.700000000000000000e+01,0.000000000000000000e+00
3.480004070109100206e-02,6.319655372125879689e-01,1.700000000000000000e+01,0.000000000000000000e+00
1.733042322074384439e-02,6.331566459928472668e-01,1.700000000000000000e+01,0.000000000000000000e+00
-1.391942596037573643e-04,6.343477547731064536e-01,1.700000000000000000e+01,0.000000000000000000e+00
-1.760881173995047094e-02,6.355388635533656405e-01,1.700000000000000000e+01,0.000000000000000000e+00
-3.507842922029805882e-02,6.367299723336248274e-01,1.700000000000000000e+01,0.000000000000000000e+00
-5.254804670064521649e-02,6.379210811138840143e-01,1.700000000000000000e+01,0.000000000000000000e+00
-7.001766418099236722e-02,6.391121898941432011e-01,1.700000000000000000e+01,0.000000000000000000e+00
-8.748728166133953876e-02,6.403032986744024990e-01,1.700000000000000000e+01,0.000000000000000000e+00
-1.049568991416866826e-01,6.414944074546616859e-01,1.700000000000000000e+01,0.000000000000000000e+00
-1.224265166220342982e-01,6.426855162349208728e-01,1.700000000000000000e+01,0.000000000000000000e+00
-1.398961341023814420e-01,6.438766250151800596e-01,1.700000000000000000e+01,0.000000000000000000e+00
-1.573657515827290576e-01,6.450677337954393575e-01,1.700000000000000000e+01,0.000000000000000000e+00
-1.748353690630757573e-01,6.462588425756984334e-01,1.700000000000000000e+01,0.000000000000000000e+00
-1.923049865434233452e-01,6.474499513559577313e-01,1.700000000000000000e+01,0.000000000000000000e+00
-2.097746040237705167e-01,6.486410601362169182e-01,1.700000000000000000e+01,0.000000000000000000e+00
-2.272442215041181046e-01,6.498321689164761050e-01,1.700000000000000000e+01,0.000000000000000000e+00
-2.447138389844648043e-01,6.510232776967352919e-01,1.700000000000000000e+01,0.000000000000000000e+00
-2.621834564648124477e-01,6.522143864769945898e-01,1.700000000000000000e+01,0.000000000000000000e+00
-2.796530739451595915e-01,6.534054952572537767e-01,1.700000000000000000e+01,0.000000000000000000e+00
-2.971226914255071794e-01,6.545966040375129635e-01,1.700000000000000000e+01,0.000000000000000000e+00
-3.145923089058543232e-01,6.557877128177721504e-01,1.700000000000000000e+01,0.000000000000000000e+00
-3.320619263862014670e-01,6.569788215980313373e-01,1.700000000000000000e+01,0.000000000000000000e+00
-3.495315438665486663e-01,6.581699303782906352e-01,1.700000000000000000e+01,0.000000000000000000e+00
-3.670011613468962541e-01,6.593610391585498220e-01,1.700000000000000000e+01,0.000000000000000000e+00
-3.844707788272432869e-01,6.605521479388090089e-01,1.600000000000000000e+01,0.000000000000000000e+00
